1452
1442
1432
1419
1406
1393
1380
1367
1355
1345
1335
1325
1315
1304
1294
1284
1274
1264
1256
1246
1236
1226
1216
1206
1194
1182
1170
1158
1148
1138
1128
1118
1108
1100
1092
1084
1076
1068
1062
1053
1044
1035
1026
1017
1008
999
990
981
966
952
938
924
910
896
882
870
842
814
783
778
773
768
763
758
753
748
743
738
726
712
698
684
670
658
642
628
613
603
574
568
561
548
535
523
515
507
499
491
485
475
465
455
445
437
427
417
407
397
354
347
340
333
326
319
306
293
280
267
254
241
228
215
202
188
179
170
161
150
145
135
125
109
99
89
79

